NVECTOR	ELAPSED
5000	0.008629
5000	0.008748
5000	0.008543
5000	0.00865
5000	0.00845
5000	0.008343
5000	0.008394
5000	0.008318
5000	0.008479
5000	0.008257
5000	0.008304
5000	0.008227
5000	0.008348
5000	0.008396
5000	0.008206
12000	0.048051
12000	0.048058
12000	0.047822
12000	0.048069
12000	0.047821
12000	0.048219
12000	0.04879
12000	0.048504
12000	0.048087
12000	0.047606
12000	0.047666
12000	0.048283
12000	0.047601
12000	0.047517
12000	0.048018
19000	0.119713
19000	0.119939
19000	0.119843
19000	0.120716
19000	0.12047
19000	0.119987
19000	0.120608
19000	0.120523
19000	0.120035
19000	0.119306
19000	0.119781
19000	0.120067
19000	0.119669
19000	0.119827
19000	0.120218
26000	0.224855
26000	0.225762
26000	0.224016
26000	0.22372
26000	0.22435
26000	0.223955
26000	0.222577
26000	0.224524
26000	0.225145
26000	0.224737
26000	0.224201
26000	0.224487
26000	0.226631
26000	0.22528
26000	0.225025
33000	0.361925
33000	0.365708
33000	0.362765
33000	0.3629
33000	0.365375
33000	0.36173
33000	0.36499
33000	0.361953
33000	0.365667
33000	0.363071
33000	0.362968
33000	0.363166
33000	0.36269
33000	0.362936
33000	0.361886
40000	0.538019
40000	0.532143
40000	0.53533
40000	0.530985
40000	0.536984
40000	0.529935
40000	0.532593
40000	0.534993
40000	0.534715
40000	0.532704
40000	0.529724
40000	0.533741
40000	0.532259
40000	0.53121
40000	0.531942
47000	0.734584
47000	0.738373
47000	0.729313
47000	0.719943
47000	0.738069
47000	0.729885
47000	0.733444
47000	0.731062
47000	0.732506
47000	0.73566
47000	0.735824
47000	0.735715
47000	0.732689
47000	0.733811
47000	0.733826
54000	0.968061
54000	0.967993
54000	0.971737
54000	0.96748
54000	0.972224
54000	0.972122
54000	0.961636
54000	0.969901
54000	0.968478
54000	0.966425
54000	0.970857
54000	0.966476
54000	0.974276
54000	0.974598
54000	0.973053
61000	1.23704
61000	1.23606
61000	1.24045
61000	1.23322
61000	1.23752
61000	1.24093
61000	1.23562
61000	1.24426
61000	1.23864
61000	1.24114
61000	1.23635
61000	1.23872
61000	1.23779
61000	1.24087
61000	1.22779
68000	1.53632
68000	1.5352
68000	1.52654
68000	1.54356
68000	1.53169
68000	1.52841
68000	1.53176
68000	1.53292
68000	1.54346
68000	1.54562
68000	1.54366
68000	1.51921
68000	1.53436
68000	1.53778
68000	1.53601
75000	1.87339
75000	1.8717
75000	1.86874
75000	1.8682
75000	1.87137
75000	1.86261
75000	1.86981
75000	1.85732
75000	1.86885
75000	1.86324
75000	1.87366
75000	1.86213
75000	1.86336
75000	1.86704
75000	1.87088
82000	2.24575
82000	2.24069
82000	2.24489
82000	2.23435
82000	2.24453
82000	2.24186
82000	2.24289
82000	2.24114
82000	2.2359
82000	2.22848
82000	2.25201
82000	2.22799
82000	2.21282
82000	2.22768
82000	2.22945
89000	2.64062
89000	2.63021
89000	2.63878
89000	2.625
89000	2.63433
89000	2.63969
89000	2.63436
89000	2.6409
89000	2.63313
89000	2.62774
89000	2.6293
89000	2.62068
89000	2.61281
89000	2.61331
89000	2.63111
96000	3.06734
96000	3.06461
96000	3.05658
96000	3.05386
96000	3.06397
96000	3.05899
96000	3.03484
96000	3.05079
96000	3.05989
96000	3.07324
96000	3.07319
96000	3.071
96000	3.05775
96000	3.06181
96000	3.0714
103000	3.52981
103000	3.53022
103000	3.52747
103000	3.53158
103000	3.52895
103000	3.5147
103000	3.52384
103000	3.5385
103000	3.52562
103000	3.54287
103000	3.53013
103000	3.53371
103000	3.52309
103000	3.54702
103000	3.52876
110000	4.03652
110000	4.01457
110000	4.02303
110000	4.0338
110000	4.03806
110000	4.01082
110000	4.03355
110000	4.01318
110000	4.01039
110000	4.01267
110000	4.01278
110000	4.02639
110000	4.01456
110000	4.01465
110000	4.02528
117000	4.53501
117000	4.5516
117000	4.55225
117000	4.54099
117000	4.55852
117000	4.54908
117000	4.55233
117000	4.56883
117000	4.5688
117000	4.53921
117000	4.55195
117000	4.5522
117000	4.56784
117000	4.54733
117000	4.54229
124000	5.11047
124000	5.09341
124000	5.10227
124000	5.09842
124000	5.11902
124000	5.11109
124000	5.08954
124000	5.1245
124000	5.1243
124000	5.12565
124000	5.10942
124000	5.09445
124000	5.09989
124000	5.13983
124000	5.11351
131000	5.69531
131000	5.70049
131000	5.70976
131000	5.7177
131000	5.70915
131000	5.6566
131000	5.67211
131000	5.67612
131000	5.69646
131000	5.70385
131000	5.70703
131000	5.69979
131000	5.69976
131000	5.687
131000	5.70829
138000	6.33833
138000	6.30671
138000	6.32023
138000	6.3316
138000	6.31577
138000	6.32635
138000	6.30217
138000	6.32272
138000	6.32932
138000	6.34949
138000	6.27444
138000	6.31775
138000	6.30294
138000	6.31526
138000	6.33963
145000	6.99647
145000	6.98494
145000	6.98127
145000	6.99179
145000	6.97803
145000	7.0001
145000	6.9639
145000	6.93958
145000	6.97076
145000	7.02739
145000	6.9817
145000	7.02384
145000	7.00254
145000	6.98438
145000	6.95844
152000	7.69341
152000	7.68917
152000	7.71241
152000	7.68272
152000	7.70809
152000	7.67765
152000	7.66589
152000	7.65966
152000	7.67474
152000	7.67018
152000	7.69778
152000	7.65008
152000	7.69085
152000	7.72256
152000	7.69411
159000	8.37902
159000	8.39859
159000	8.40081
159000	8.39927
159000	8.39626
159000	8.40956
159000	8.39011
159000	8.37056
159000	8.38287
159000	8.40611
159000	8.42212
159000	8.40654
159000	8.39657
159000	8.39347
159000	8.40873
166000	9.1362
166000	9.13703
166000	9.15189
166000	9.16865
166000	9.15061
166000	9.14385
166000	9.15385
166000	9.13202
166000	9.17903
166000	9.13311
166000	9.14968
166000	9.13905
166000	9.11456
166000	9.14175
166000	9.18079
173000	9.89444
173000	9.96687
173000	9.93844
173000	9.9802
173000	9.94938
173000	9.95875
173000	9.91605
173000	9.96111
173000	9.92854
173000	9.9435
173000	9.94001
173000	9.92822
173000	9.97115
173000	9.95866
173000	9.95532
250000	20.6766
250000	20.8034
250000	20.8054
250000	20.7925
250000	20.7882
250000	20.6997
250000	20.7495
250000	20.7553
250000	20.7983
250000	20.7049
250000	20.7835
250000	20.7468
250000	20.7255
250000	20.7884
250000	20.7921
500000	83.0821
500000	82.8111
500000	83.0498
500000	82.9508
500000	82.9148
500000	83.7379
500000	82.968
500000	83.0212
500000	83.0063
500000	83.0772
500000	83.2336
500000	83.0179
500000	82.8605
500000	84.0298
500000	83.082
1000000	332.659
1000000	333.335
1000000	332.664
1000000	332.573
