NVECTOR	ELAPSED
20000	0.010396
20000	0.009628
20000	0.009637
20000	0.009832
20000	0.009585
20000	0.009664
20000	0.00951
20000	0.009497
20000	0.009543
20000	0.009588
20000	0.009541
20000	0.00952
20000	0.009569
20000	0.009455
20000	0.009554
27200	0.013041
27200	0.012923
27200	0.01306
27200	0.012856
27200	0.012869
27200	0.012921
27200	0.012996
27200	0.013033
27200	0.01312
27200	0.01304
27200	0.012998
27200	0.013004
27200	0.012992
27200	0.013014
27200	0.012992
34400	0.016953
34400	0.016779
34400	0.01675
34400	0.016744
34400	0.016885
34400	0.016747
34400	0.017244
34400	0.016868
34400	0.016821
34400	0.016845
34400	0.017326
34400	0.021105
34400	0.016844
34400	0.016883
34400	0.01676
41600	0.020093
41600	0.020085
41600	0.020139
41600	0.020046
41600	0.020171
41600	0.020108
41600	0.020052
41600	0.020077
41600	0.02003
41600	0.020039
41600	0.02007
41600	0.020008
41600	0.020014
41600	0.020003
41600	0.020041
48800	0.023728
48800	0.023652
48800	0.02361
48800	0.023677
48800	0.024041
48800	0.024027
48800	0.023731
48800	0.023629
48800	0.023754
48800	0.023616
48800	0.023559
48800	0.023722
48800	0.023824
48800	0.023593
48800	0.023627
56000	0.026763
56000	0.026813
56000	0.026721
56000	0.026707
56000	0.026884
56000	0.026861
56000	0.026781
56000	0.026862
56000	0.027271
56000	0.027064
56000	0.026994
56000	0.026824
56000	0.026954
56000	0.026777
56000	0.026854
63200	0.030462
63200	0.03047
63200	0.030349
63200	0.030326
63200	0.030345
63200	0.030468
63200	0.030377
63200	0.030374
63200	0.030412
63200	0.030322
63200	0.03047
63200	0.030321
63200	0.0304
63200	0.030404
63200	0.030327
70400	0.033862
70400	0.033919
70400	0.033906
70400	0.033852
70400	0.033828
70400	0.033794
70400	0.033679
70400	0.033856
70400	0.034049
70400	0.033798
70400	0.033791
70400	0.033819
70400	0.035665
70400	0.033695
70400	0.033561
77600	0.03705
77600	0.036927
77600	0.036929
77600	0.037039
77600	0.037028
77600	0.037236
77600	0.037289
77600	0.037747
77600	0.037284
77600	0.0373
77600	0.037213
77600	0.037221
77600	0.037497
77600	0.037213
77600	0.037352
84800	0.040755
84800	0.040625
84800	0.040665
84800	0.040703
84800	0.04101
84800	0.040659
84800	0.040717
84800	0.040663
84800	0.040666
84800	0.040652
84800	0.04063
84800	0.040698
84800	0.040756
84800	0.040669
84800	0.040688
92000	0.044294
92000	0.044225
92000	0.044126
92000	0.044216
92000	0.044144
92000	0.044207
92000	0.044133
92000	0.044333
92000	0.044167
92000	0.044199
92000	0.044128
92000	0.044238
92000	0.044138
92000	0.044218
92000	0.044179
99200	0.047893
99200	0.047591
99200	0.047673
99200	0.047571
99200	0.047599
99200	0.047572
99200	0.04758
99200	0.04778
99200	0.047566
99200	0.047638
99200	0.047573
99200	0.047678
99200	0.047654
99200	0.047705
99200	0.047641
106400	0.05121
106400	0.05106
106400	0.051081
106400	0.051146
106400	0.051068
106400	0.051087
106400	0.051064
106400	0.051205
106400	0.051123
106400	0.05101
106400	0.051084
106400	0.051009
106400	0.051051
106400	0.05109
106400	0.051091
113600	0.054923
113600	0.054947
113600	0.054701
113600	0.054729
113600	0.05481
113600	0.054719
113600	0.054832
113600	0.054796
113600	0.054777
113600	0.054694
113600	0.054853
113600	0.054784
113600	0.054706
113600	0.054725
113600	0.054811
120800	0.058208
120800	0.057981
120800	0.058076
120800	0.058089
120800	0.057996
120800	0.05815
120800	0.059414
120800	0.059813
120800	0.059551
120800	0.058355
120800	0.058177
120800	0.058007
120800	0.059487
120800	0.059545
120800	0.05809
128000	0.061758
128000	0.061502
128000	0.061536
128000	0.061438
128000	0.06161
128000	0.061511
128000	0.061669
128000	0.061784
128000	0.061904
128000	0.061859
128000	0.061671
128000	0.061635
128000	0.061742
128000	0.06188
128000	0.061536
135200	0.065326
135200	0.065161
135200	0.065143
135200	0.065057
135200	0.065098
135200	0.065301
135200	0.064995
135200	0.065375
135200	0.064986
135200	0.065047
135200	0.065037
135200	0.064954
135200	0.065101
135200	0.065058
135200	0.065128
142400	0.068624
142400	0.068637
142400	0.068531
142400	0.068621
142400	0.068583
142400	0.072472
142400	0.068514
142400	0.068628
142400	0.068508
142400	0.068544
142400	0.068548
142400	0.068458
142400	0.068592
142400	0.068582
142400	0.068598
149600	0.072069
149600	0.071898
149600	0.072081
149600	0.072021
149600	0.072108
149600	0.071955
149600	0.071941
149600	0.071921
149600	0.072086
149600	0.071972
149600	0.072049
149600	0.071983
149600	0.072011
149600	0.072228
149600	0.071877
156800	0.075607
156800	0.075419
156800	0.075503
156800	0.075578
156800	0.075375
156800	0.075548
156800	0.075661
156800	0.075567
156800	0.075462
156800	0.075553
156800	0.075446
156800	0.075492
156800	0.075422
156800	0.075516
156800	0.075536
164000	0.079076
164000	0.078908
164000	0.078921
164000	0.079081
164000	0.078881
164000	0.078992
164000	0.078987
164000	0.079018
164000	0.078999
164000	0.079001
164000	0.079229
164000	0.078949
164000	0.078967
164000	0.079007
164000	0.079436
171200	0.08263
171200	0.082737
171200	0.082804
171200	0.082646
171200	0.082648
171200	0.083175
171200	0.10571
171200	0.082875
171200	0.085802
171200	0.099651
171200	0.083086
171200	0.082323
171200	0.082563
171200	0.082446
171200	0.082429
178400	0.086143
178400	0.085959
178400	0.085714
178400	0.085641
178400	0.085298
178400	0.086046
178400	0.086064
178400	0.085854
178400	0.086097
178400	0.086112
178400	0.085956
178400	0.085947
178400	0.085916
178400	0.085993
178400	0.086204
185600	0.089604
185600	0.089449
185600	0.089438
185600	0.08945
185600	0.089531
185600	0.089416
185600	0.089612
185600	0.089498
185600	0.08951
185600	0.089455
185600	0.089511
185600	0.089536
185600	0.089523
185600	0.089373
185600	0.089604
192800	0.092897
192800	0.092823
192800	0.092777
192800	0.093166
192800	0.09295
192800	0.093149
192800	0.093964
192800	0.092732
192800	0.092952
192800	0.093092
192800	0.09298
192800	0.09302
192800	0.092888
192800	0.092772
192800	0.092966
200000	0.097011
200000	0.096484
200000	0.0965
200000	0.096609
200000	0.096548
200000	0.096595
200000	0.096489
200000	0.096379
200000	0.096611
200000	0.096474
200000	0.096326
200000	0.096603
200000	0.124649
200000	0.096584
200000	0.096747
