NVECTOR	ELAPSED
5000	0.009494
5000	0.009662
5000	0.008802
5000	0.008729
5000	0.008486
5000	0.008338
5000	0.008514
5000	0.008286
5000	0.008471
5000	0.008212
5000	0.00843
5000	0.008164
5000	0.008312
5000	0.008329
5000	0.00819
12000	0.047564
12000	0.047448
12000	0.047171
12000	0.047818
12000	0.047234
12000	0.047167
12000	0.047337
12000	0.049072
12000	0.047745
12000	0.047506
12000	0.04818
12000	0.047301
12000	0.046954
12000	0.047309
12000	0.047436
19000	0.119449
19000	0.119676
19000	0.118587
19000	0.120419
19000	0.117707
19000	0.119111
19000	0.11867
19000	0.117777
19000	0.118944
19000	0.118598
19000	0.119168
19000	0.117718
19000	0.117426
19000	0.119247
19000	0.119962
26000	0.22496
26000	0.22486
26000	0.227317
26000	0.225896
26000	0.225371
26000	0.224305
26000	0.224081
26000	0.224475
26000	0.226036
26000	0.225783
26000	0.22583
26000	0.224332
26000	0.22674
26000	0.225079
26000	0.225594
33000	0.345095
33000	0.362659
33000	0.363065
33000	0.363628
33000	0.361435
33000	0.363564
33000	0.363695
33000	0.360258
33000	0.361511
33000	0.361137
33000	0.36178
33000	0.361906
33000	0.360808
33000	0.362298
33000	0.362951
40000	0.525792
40000	0.53354
40000	0.526642
40000	0.537136
40000	0.532822
40000	0.52834
40000	0.535849
40000	0.535732
40000	0.530489
40000	0.532296
40000	0.530284
40000	0.531999
40000	0.530214
40000	0.527874
40000	0.533078
47000	0.731927
47000	0.735335
47000	0.736639
47000	0.734282
47000	0.730171
47000	0.732915
47000	0.734876
47000	0.72943
47000	0.724519
47000	0.728459
47000	0.726034
47000	0.726018
47000	0.724952
47000	0.727383
47000	0.726009
54000	0.961176
54000	0.966841
54000	0.971044
54000	0.969644
54000	0.968221
54000	0.963381
54000	0.969774
54000	0.960916
54000	0.959102
54000	0.953344
54000	0.961703
54000	0.957782
54000	0.961775
54000	0.962477
54000	0.973679
61000	1.24076
61000	1.23643
61000	1.23606
61000	1.23582
61000	1.23473
61000	1.21056
61000	1.22452
61000	1.22061
61000	1.23139
61000	1.2344
61000	1.24135
61000	1.23609
61000	1.24119
61000	1.24147
61000	1.24006
68000	1.52552
68000	1.53753
68000	1.53491
68000	1.53942
68000	1.54019
68000	1.53597
68000	1.5358
68000	1.54055
68000	1.53777
68000	1.54072
68000	1.54114
68000	1.5401
68000	1.52998
68000	1.53894
68000	1.54003
75000	1.8651
75000	1.87253
75000	1.87715
75000	1.87295
75000	1.82664
75000	1.85837
75000	1.87012
75000	1.86753
75000	1.85045
75000	1.85772
75000	1.86529
75000	1.87208
75000	1.85149
75000	1.86998
75000	1.8639
82000	2.23593
82000	2.22193
82000	2.22658
82000	2.24324
82000	2.24371
82000	2.24203
82000	2.23222
82000	2.22582
82000	2.2383
82000	2.22782
82000	2.23794
82000	2.23106
82000	2.23248
82000	2.24025
82000	2.23661
89000	2.64047
89000	2.63115
89000	2.64268
89000	2.62928
89000	2.63429
89000	2.63087
89000	2.64692
89000	2.62963
89000	2.64916
89000	2.62879
89000	2.63531
89000	2.63815
89000	2.62438
89000	2.63236
89000	2.63196
96000	3.05357
96000	3.06001
96000	3.06597
96000	3.06557
96000	3.06933
96000	3.06696
96000	3.06909
96000	3.05727
96000	3.07041
96000	3.06239
96000	3.06015
96000	3.05836
96000	3.05003
96000	3.06008
96000	3.06491
103000	3.52824
103000	3.51733
103000	3.52982
103000	3.51647
103000	3.50112
103000	3.51041
103000	3.53565
103000	3.5165
103000	3.52963
103000	3.53343
103000	3.53312
103000	3.54441
103000	3.5352
103000	3.53129
103000	3.53886
110000	4.00487
110000	3.99995
110000	4.02893
110000	4.01126
110000	4.02182
110000	4.02087
110000	4.03064
110000	4.01225
110000	4.0147
110000	4.02752
110000	4.02417
110000	4.01647
110000	3.99794
110000	4.02744
110000	4.03593
117000	4.55477
117000	4.54414
117000	4.54893
117000	4.54134
117000	4.5465
117000	4.53842
117000	4.56084
117000	4.55203
117000	4.5645
117000	4.55369
117000	4.54035
117000	4.56258
117000	4.55403
117000	4.55127
117000	4.5556
124000	5.11325
124000	5.08861
124000	5.13108
124000	5.10479
124000	5.10374
124000	5.06176
124000	5.12118
124000	5.10622
124000	5.10347
124000	5.12049
124000	5.11045
124000	5.10047
124000	5.09872
124000	5.11731
124000	5.11031
131000	5.68997
131000	5.70613
131000	5.69572
131000	5.70427
131000	5.691
131000	5.67864
131000	5.70323
131000	5.68511
131000	5.68616
131000	5.7175
131000	5.72573
131000	5.70166
131000	5.69053
131000	5.71419
131000	5.69339
138000	6.29387
138000	6.31033
138000	6.33939
138000	6.2742
138000	6.31991
138000	6.32096
138000	6.31946
138000	6.3264
138000	6.33825
138000	6.31824
138000	6.3362
138000	6.30825
138000	6.31112
138000	6.30592
138000	6.32234
145000	6.97283
145000	6.94469
145000	6.95138
145000	6.972
145000	6.98662
145000	6.93799
145000	6.98485
145000	7.07287
145000	7.14149
145000	7.04156
145000	7.01186
145000	6.9892
145000	6.97181
145000	6.93835
145000	6.99979
152000	7.65275
152000	7.6698
152000	7.6706
152000	7.67906
152000	7.68759
152000	7.67265
152000	7.68501
152000	7.68379
152000	7.67678
152000	7.70829
152000	7.68152
152000	7.65138
152000	7.69301
152000	7.68673
152000	7.67269
159000	8.38439
159000	8.38518
159000	8.36302
159000	8.41035
159000	8.38905
159000	8.36879
159000	8.41713
159000	8.38246
159000	8.39034
159000	8.4054
159000	8.40172
159000	8.41887
159000	8.38541
159000	8.40165
159000	8.41922
166000	9.14856
166000	9.17124
166000	9.12873
166000	9.1257
166000	9.15971
166000	9.17628
166000	9.13336
166000	9.17678
166000	9.15742
166000	9.11521
166000	9.17047
166000	9.1556
166000	9.14572
166000	9.15989
166000	9.1415
173000	9.945
173000	9.95098
173000	9.95589
173000	9.93919
173000	9.89179
173000	9.94756
173000	9.92061
173000	9.92397
173000	9.90913
173000	9.95401
173000	9.97161
173000	9.98248
173000	9.95555
173000	9.92757
173000	9.92432
250000	20.7596
500000	83.7939
1000000	332.749
