NVECTOR	ELAPSED
100000	0.006467
100000	0.006553
100000	0.006903
100000	0.007174
100000	0.007488
100000	0.00665
100000	0.006805
100000	0.006639
100000	0.006692
100000	0.006682
100000	0.006678
100000	0.006668
100000	0.006672
100000	0.006773
100000	0.00682
600000	0.047151
600000	0.048775
600000	0.045929
600000	0.04465
600000	0.044492
600000	0.045415
600000	0.044977
600000	0.044944
600000	0.045247
600000	0.044967
600000	0.046174
600000	0.045254
600000	0.045088
600000	0.044697
600000	0.044547
1100000	0.086343
1100000	0.085833
1100000	0.086437
1100000	0.086548
1100000	0.086301
1100000	0.087392
1100000	0.085375
1100000	0.087251
1100000	0.085908
1100000	0.086869
1100000	0.087264
1100000	0.086734
1100000	0.086793
1100000	0.086891
1100000	0.085992
1600000	0.128446
1600000	0.130056
1600000	0.127732
1600000	0.128112
1600000	0.128394
1600000	0.130105
1600000	0.127777
1600000	0.130106
1600000	0.132485
1600000	0.1308
1600000	0.129424
1600000	0.130236
1600000	0.127791
1600000	0.127888
1600000	0.13037
2100000	0.172741
2100000	0.174401
2100000	0.173817
2100000	0.173844
2100000	0.175027
2100000	0.170718
2100000	0.17264
2100000	0.172138
2100000	0.170441
2100000	0.175621
2100000	0.174054
2100000	0.173154
2100000	0.1722
2100000	0.171276
2100000	0.172187
2600000	0.21699
2600000	0.217782
2600000	0.217788
2600000	0.216279
2600000	0.219625
2600000	0.215854
2600000	0.216371
2600000	0.215002
2600000	0.216921
2600000	0.216335
2600000	0.217924
2600000	0.215325
2600000	0.219004
2600000	0.217546
2600000	0.215168
3100000	0.260729
3100000	0.256796
3100000	0.266973
3100000	0.258388
3100000	0.260381
3100000	0.263013
3100000	0.269928
3100000	0.261997
3100000	0.260078
3100000	0.261623
3100000	0.258771
3100000	0.260877
3100000	0.261281
3100000	0.259914
3100000	0.261131
3600000	0.305778
3600000	0.306544
3600000	0.304926
3600000	0.308135
3600000	0.307936
3600000	0.306141
3600000	0.306154
3600000	0.300528
3600000	0.306668
3600000	0.305867
3600000	0.299019
3600000	0.30465
3600000	0.307546
3600000	0.3033
3600000	0.309569
4100000	0.34703
4100000	0.351665
4100000	0.35103
4100000	0.347985
4100000	0.358219
4100000	0.350225
4100000	0.352005
4100000	0.354364
4100000	0.351141
4100000	0.354336
4100000	0.354326
4100000	0.348425
4100000	0.348679
4100000	0.353493
4100000	0.350594
4600000	0.398678
4600000	0.393034
4600000	0.394329
4600000	0.399704
4600000	0.398268
4600000	0.402571
4600000	0.396561
4600000	0.392394
4600000	0.392303
4600000	0.391283
4600000	0.393758
4600000	0.392388
4600000	0.393422
4600000	0.396409
4600000	0.401532
5100000	0.445008
5100000	0.449417
5100000	0.442128
5100000	0.441257
5100000	0.44467
5100000	0.443439
5100000	0.442582
5100000	0.448151
5100000	0.449604
5100000	0.448822
5100000	0.447757
5100000	0.44881
5100000	0.447739
5100000	0.438872
5100000	0.444985
5600000	0.495413
5600000	0.49518
5600000	0.481161
5600000	0.485681
5600000	0.486401
5600000	0.494639
5600000	0.489351
5600000	0.488071
5600000	0.488508
5600000	0.489377
5600000	0.487311
5600000	0.488561
5600000	0.490244
5600000	0.489488
5600000	0.487246
6100000	0.540669
6100000	0.540384
6100000	0.540238
6100000	0.542254
6100000	0.541858
6100000	0.543915
6100000	0.530955
6100000	0.541613
6100000	0.544597
6100000	0.54415
6100000	0.536729
6100000	0.539567
6100000	0.538057
6100000	0.543819
6100000	0.534619
6600000	0.591492
6600000	0.586568
6600000	0.587087
6600000	0.581076
6600000	0.584781
6600000	0.579071
6600000	0.581171
6600000	0.579565
6600000	0.583762
6600000	0.583977
6600000	0.57976
6600000	0.584402
6600000	0.584897
6600000	0.588947
6600000	0.587112
7100000	0.637426
7100000	0.621832
7100000	0.637772
7100000	0.638019
7100000	0.633707
7100000	0.627691
7100000	0.618427
7100000	0.631562
7100000	0.638052
7100000	0.636304
7100000	0.628553
7100000	0.636716
7100000	0.633582
7100000	0.63344
7100000	0.632759
7600000	0.680355
7600000	0.678819
7600000	0.679507
7600000	0.687969
7600000	0.683382
7600000	0.68978
7600000	0.676195
7600000	0.680959
7600000	0.682879
7600000	0.673462
7600000	0.678732
7600000	0.680194
7600000	0.684207
7600000	0.675175
7600000	0.683227
8100000	0.728357
8100000	0.723739
8100000	0.73354
8100000	0.730821
8100000	0.725074
8100000	0.72884
8100000	0.719011
8100000	0.723765
8100000	0.717528
8100000	0.726883
8100000	0.722582
8100000	0.735848
8100000	0.731777
8100000	0.7536
8100000	0.72857
8600000	0.772714
8600000	0.777443
8600000	0.777712
8600000	0.780395
8600000	0.783229
8600000	0.764869
8600000	0.773877
8600000	0.780356
8600000	0.775149
8600000	0.772667
8600000	0.768595
8600000	0.785955
8600000	0.775071
8600000	0.772818
8600000	0.778301
9100000	0.827212
9100000	0.822245
9100000	0.828511
9100000	0.828107
9100000	0.821381
9100000	0.826222
9100000	0.824801
9100000	0.837173
9100000	0.822647
9100000	0.81469
9100000	0.826467
9100000	0.822499
9100000	0.819351
9100000	0.842188
9100000	0.825247
9600000	0.87319
9600000	0.867852
9600000	0.871517
9600000	0.87879
9600000	0.869607
9600000	0.874416
9600000	0.86948
9600000	0.869085
9600000	0.864573
9600000	0.867047
9600000	0.872287
9600000	0.865427
9600000	0.87816
9600000	0.869901
9600000	0.866798
10100000	0.914425
10100000	0.929559
10100000	0.923228
10100000	0.916781
10100000	0.917738
10100000	0.923979
10100000	0.925678
10100000	0.91817
10100000	0.912836
10100000	0.920544
10100000	0.92163
10100000	0.908586
10100000	0.917029
10100000	0.914252
10100000	0.933896
10600000	0.969113
10600000	0.953911
10600000	0.967133
10600000	0.950602
10600000	0.952355
10600000	0.96173
10600000	0.953083
10600000	0.963221
10600000	0.96356
10600000	0.96125
10600000	0.982002
10600000	0.962522
10600000	0.966623
10600000	0.969602
10600000	0.965465
11100000	1.02218
11100000	1.00497
11100000	1.01233
11100000	1.01655
11100000	1.02603
11100000	1.00291
11100000	1.02146
11100000	1.00647
11100000	1.00339
11100000	1.00744
11100000	1.02777
11100000	1.01699
11100000	1.01335
11100000	1.03418
11100000	1.02404
11600000	1.07911
11600000	1.06929
11600000	1.06748
11600000	1.0617
11600000	1.0695
11600000	1.06073
11600000	1.07403
11600000	1.06775
11600000	1.06951
11600000	1.06583
11600000	1.06167
11600000	1.07262
11600000	1.05251
11600000	1.05174
11600000	1.04652
12100000	1.12095
12100000	1.11566
12100000	1.10943
12100000	1.11513
12100000	1.1105
12100000	1.10799
12100000	1.10106
12100000	1.13119
12100000	1.12688
12100000	1.12287
12100000	1.11125
12100000	1.11672
12100000	1.10616
12100000	1.11407
12100000	1.1123
12600000	1.1778
12600000	1.14952
12600000	1.14559
12600000	1.14627
12600000	1.16328
12600000	1.15787
12600000	1.16419
12600000	1.17452
12600000	1.16598
12600000	1.16697
12600000	1.14658
12600000	1.15498
12600000	1.15531
12600000	1.16851
12600000	1.16949
