NVECTOR	ELAPSED
5000	0.012179
5000	0.011296
5000	0.011268
5000	0.01126
5000	0.011202
5000	0.011448
5000	0.011436
5000	0.011593
5000	0.01111
5000	0.011368
5000	0.011049
5000	0.011152
5000	0.012666
5000	0.017264
5000	0.0126
12000	0.061414
12000	0.061018
12000	0.061067
12000	0.061015
12000	0.060983
12000	0.061022
12000	0.06141
12000	0.061355
12000	0.061149
12000	0.071544
12000	0.061321
12000	0.060919
12000	0.061429
12000	0.06101
12000	0.06141
19000	0.153437
19000	0.152586
19000	0.152527
19000	0.153554
19000	0.153939
19000	0.153467
19000	0.153445
19000	0.153453
19000	0.154026
19000	0.153491
19000	0.153914
19000	0.153928
19000	0.154725
19000	0.15377
19000	0.153696
26000	0.287829
26000	0.287887
26000	0.287344
26000	0.28708
26000	0.287424
26000	0.286785
26000	0.287307
26000	0.287037
26000	0.286766
26000	0.287231
26000	0.286706
26000	0.287282
26000	0.286757
26000	0.287298
26000	0.286691
33000	0.462005
33000	0.461799
33000	0.461933
33000	0.461339
33000	0.472881
33000	0.461701
33000	0.463293
33000	0.46102
33000	0.462592
33000	0.46219
33000	0.4608
33000	0.458396
33000	0.458099
33000	0.459263
33000	0.457926
40000	0.672811
40000	0.71357
40000	0.677537
40000	0.677424
40000	0.678966
40000	0.678176
40000	0.680028
40000	0.685698
40000	0.677499
40000	0.677615
40000	0.678199
40000	0.677903
40000	0.677571
40000	0.677378
40000	0.677407
47000	0.939887
47000	0.931984
47000	0.936869
47000	0.936043
47000	0.935361
47000	0.93522
47000	0.941578
47000	0.929316
47000	0.932684
47000	0.95286
47000	0.963051
47000	0.93649
47000	0.93586
47000	0.93534
47000	0.935305
54000	1.22948
54000	1.22415
54000	1.24031
54000	1.23787
54000	1.23396
54000	1.23331
54000	1.22667
54000	1.23078
54000	1.22842
54000	1.23823
54000	1.2342
54000	1.22735
54000	1.22524
54000	1.22811
54000	1.23638
61000	1.57899
61000	1.57396
61000	1.57599
61000	1.57581
61000	1.58606
61000	1.60338
61000	1.57565
61000	1.57571
61000	1.57424
61000	1.57986
61000	1.57669
61000	1.57502
61000	1.5759
61000	1.57451
61000	1.58347
68000	1.99153
68000	1.95592
68000	1.95603
68000	1.96397
68000	1.96237
68000	1.95186
68000	1.95632
68000	1.96409
68000	1.95558
68000	1.95462
68000	1.95883
68000	1.95693
68000	1.95622
68000	1.99593
68000	1.9587
75000	2.39399
75000	2.37523
75000	2.38499
75000	2.38471
75000	2.38056
75000	2.41396
75000	2.38884
75000	2.38212
75000	2.40673
75000	2.40065
75000	2.37185
75000	2.38443
75000	2.3872
75000	2.40295
75000	2.37338
82000	2.84874
82000	2.84472
82000	2.84609
82000	2.96324
82000	2.86847
82000	2.87021
82000	2.86981
82000	2.86697
82000	2.8728
82000	2.88856
82000	2.86945
82000	2.83969
82000	2.84631
82000	2.84715
82000	2.89604
89000	3.38849
89000	3.37038
89000	3.36644
89000	3.37133
89000	3.368
89000	3.34636
89000	3.36178
89000	3.3509
89000	3.35812
89000	3.38552
89000	3.35092
89000	3.35785
89000	3.35004
89000	3.36404
89000	3.35239
96000	3.90768
96000	3.89772
96000	3.90655
96000	3.89909
96000	3.92706
96000	3.89782
96000	3.91252
96000	3.91975
96000	3.89165
96000	3.92574
96000	3.91958
96000	3.90299
96000	3.90417
96000	3.90932
96000	3.90155
103000	4.49403
103000	4.49451
103000	4.49703
103000	4.49271
103000	4.49859
103000	4.48956
103000	4.50471
103000	4.51936
103000	4.48767
103000	4.50283
103000	4.48804
103000	4.4947
103000	4.4948
103000	4.49513
103000	4.49774
110000	5.10353
110000	5.18926
110000	5.13757
110000	5.11936
110000	5.13842
110000	5.14045
110000	5.10075
110000	5.12441
110000	5.11663
110000	5.166
110000	5.15583
110000	5.14892
110000	5.13488
110000	5.12145
110000	5.13435
117000	5.79718
117000	5.8075
117000	5.79163
117000	5.79283
117000	5.79744
117000	5.79662
117000	5.78525
117000	5.79582
117000	5.76206
117000	5.78757
117000	5.82889
117000	5.7726
117000	5.76747
117000	5.80405
117000	5.80232
124000	6.51294
124000	6.51196
124000	6.5937
124000	6.51072
124000	6.5556
124000	6.52938
124000	6.52999
124000	6.53131
124000	6.53481
124000	6.49637
124000	6.49675
124000	6.5072
124000	6.50119
124000	6.51233
124000	6.49678
131000	7.26845
131000	7.27024
131000	7.26357
131000	7.26299
131000	7.27405
131000	7.32904
131000	7.25742
131000	7.25768
131000	7.32259
131000	7.26748
131000	7.27014
131000	7.26351
131000	7.31368
131000	7.27276
131000	7.25716
138000	8.07732
138000	8.08666
138000	8.06
138000	8.07555
138000	8.07158
138000	8.05477
138000	8.05628
138000	8.13234
138000	8.05325
138000	8.05428
138000	8.13244
138000	8.0548
138000	8.05939
138000	8.06518
138000	8.06118
145000	8.89667
145000	8.90311
145000	8.92317
145000	8.91976
145000	8.95605
145000	8.89342
145000	8.91153
145000	8.90826
145000	8.90631
145000	8.8898
145000	8.89721
145000	8.90879
145000	8.9022
145000	8.8958
145000	8.91561
152000	9.81205
152000	9.81457
152000	9.76297
152000	9.78388
152000	9.8383
152000	9.76943
152000	9.77972
152000	9.77039
152000	9.80708
152000	9.78949
152000	9.77183
152000	9.93383
152000	10.1301
152000	9.8315
152000	9.76819
159000	10.7964
159000	10.7056
159000	10.732
159000	10.7808
159000	10.7136
159000	10.7142
159000	10.7037
159000	10.7089
159000	10.7259
159000	10.693
159000	10.709
159000	10.7448
159000	10.7248
159000	11.0902
159000	10.9584
166000	11.9797
166000	11.7656
166000	11.7114
166000	11.6795
166000	11.6668
166000	11.683
166000	11.6751
166000	11.7031
166000	11.6786
166000	11.6685
166000	11.7106
166000	11.7325
166000	11.718
166000	11.8079
166000	11.8439
173000	12.6691
173000	12.7057
173000	12.7248
173000	12.6903
173000	12.708
173000	12.6544
173000	12.7025
173000	12.709
173000	12.6677
173000	12.7661
173000	12.6734
173000	12.668
173000	12.6768
173000	12.707
173000	12.6765
250000	26.4652
500000	105.824
1000000	425.028
