NVECTOR	ELAPSED
200	0.038768
200	0.039015
200	0.038521
200	0.038121
200	0.038212
200	0.03817
200	0.03826
200	0.038208
200	0.038196
200	0.038255
200	0.038223
200	0.038201
200	0.038216
200	0.03826
200	0.038294
250	0.074269
250	0.074286
250	0.074222
250	0.074127
250	0.074301
250	0.075491
250	0.075063
250	0.074159
250	0.074183
250	0.074159
250	0.074096
250	0.074292
250	0.074207
250	0.074181
250	0.074356
300	0.128228
300	0.128434
300	0.128894
300	0.128488
300	0.128268
300	0.128269
300	0.128332
300	0.128168
300	0.128339
300	0.128178
300	0.128187
300	0.128203
300	0.128221
300	0.128326
300	0.128399
350	0.203519
350	0.20357
350	0.203473
350	0.203326
350	0.203274
350	0.203419
350	0.203732
350	0.203528
350	0.203604
350	0.203612
350	0.203625
350	0.204057
350	0.204964
350	0.204154
350	0.204251
400	0.304038
400	0.304475
400	0.30337
400	0.303422
400	0.304739
400	0.303296
400	0.303334
400	0.303291
400	0.30355
400	0.303978
400	0.303005
400	0.303138
400	0.303231
400	0.30909
400	0.304142
450	0.430503
450	0.430913
450	0.430037
450	0.430317
450	0.434345
450	0.43055
450	0.432598
450	0.43145
450	0.431574
450	0.430544
450	0.430773
450	0.430215
450	0.429826
450	0.430333
450	0.431437
500	0.590214
500	0.590007
500	0.588924
500	0.588838
500	0.589202
500	0.624706
500	0.590385
500	0.589574
500	0.589398
500	0.588999
500	0.58966
500	0.588995
500	0.590363
500	0.591554
500	0.59002
550	0.78467
550	0.783634
550	0.777787
550	0.777098
550	0.782576
550	0.786543
550	0.784937
550	0.78436
550	0.785283
550	0.78385
550	0.784054
550	0.783532
550	0.784534
550	0.784191
550	0.784209
600	1.01659
600	1.02408
600	1.01533
600	1.01845
600	1.01729
600	1.01682
600	1.01749
600	1.01614
600	1.0154
600	1.02199
600	1.01475
600	1.01891
600	1.01722
600	1.01659
600	1.02006
650	1.29025
650	1.29043
650	1.29524
650	1.29617
650	1.30014
650	1.29201
650	1.29097
650	1.31625
650	1.29069
650	1.29095
650	1.29051
650	1.28939
650	1.29502
650	1.29724
650	1.29388
700	1.61965
700	1.61049
700	1.61295
700	1.62226
700	1.61151
700	1.61114
700	1.61007
700	1.61496
700	1.61332
700	1.62191
700	1.6101
700	1.61023
700	1.61853
700	1.61804
700	1.61511
750	1.98418
750	1.98298
750	2.0027
750	1.99109
750	1.98299
750	1.98914
750	1.98759
750	1.98402
750	1.99018
750	1.98772
750	1.9844
750	1.98208
750	1.98794
750	1.98415
750	1.97558
800	2.44937
800	2.40416
800	2.4153
800	2.41093
800	2.41112
800	2.41304
800	2.40718
800	2.4119
800	2.40825
800	2.40818
800	2.41148
800	2.41443
800	2.4204
800	2.42403
800	2.41925
850	2.94351
850	2.88887
850	2.89571
850	2.89031
850	2.89135
850	2.90715
850	2.92664
850	2.90175
850	2.90195
850	2.94695
850	2.90107
850	2.90888
850	2.91186
850	2.90718
850	2.92143
900	3.5008
900	3.45669
900	3.45678
900	3.46371
900	3.47199
900	3.49676
900	3.46362
900	3.56847
900	3.60614
900	3.73102
900	3.54194
900	3.43828
900	3.45097
900	3.43462
900	3.44846
950	4.06243
950	4.09656
950	4.05521
950	4.06466
950	4.04228
950	4.05277
950	4.05032
950	4.06127
950	4.04756
950	4.05846
950	4.05423
950	4.05613
950	4.06452
950	4.04526
950	4.05315
1000	4.97544
1000	4.96577
1000	4.71613
1000	4.73738
1000	4.72717
1000	4.74231
1000	4.73184
1000	4.71902
1000	4.7616
1000	4.73394
1000	4.73
1000	4.77638
1000	4.71256
1000	4.72723
1000	4.71867
1050	5.46371
1050	5.48629
1050	5.52299
1050	5.47098
1050	5.48664
1050	5.47641
1050	5.47708
1050	5.47553
1050	5.49594
1050	5.46734
1050	5.44776
1050	5.46375
1050	5.45507
1050	5.46138
1050	5.47383
1100	6.31599
1100	6.32477
1100	6.30038
1100	6.36018
1100	6.34421
1100	6.33469
1100	6.32891
1100	6.3126
1100	6.29767
1100	6.31446
1100	6.31168
1100	6.32802
1100	6.32096
1100	6.31838
1100	6.31419
1150	7.227
1150	7.21429
1150	7.23876
1150	7.24972
1150	7.22039
1150	7.23158
1150	7.21579
1150	7.23081
1150	7.27983
1150	7.25935
1150	7.29876
1150	7.22029
1150	7.2234
1150	7.21408
1150	7.27963
1200	8.17934
1200	8.18622
1200	8.1662
1200	8.24604
1200	8.22528
1200	8.18426
1200	8.19856
1200	8.22087
1200	8.22473
1200	8.18643
1200	8.17109
1200	8.18722
1200	8.19756
1200	8.18849
1200	8.19922
1250	9.316
1250	9.23079
1250	9.32068
1250	9.34948
1250	9.27201
1250	9.27048
1250	9.32928
1250	9.26331
1250	9.26063
1250	9.28439
1250	9.27637
1250	9.27164
1250	9.24958
1250	9.28156
1250	9.26124
1300	10.4275
1300	10.4534
1300	10.4973
1300	10.4806
1300	10.463
1300	10.4958
1300	10.4637
1300	10.4811
1300	10.4602
1300	10.4685
1300	10.4433
1300	10.4193
1300	10.4288
1300	10.47
1300	10.4806
1350	11.7036
1350	11.7113
1350	11.6847
1350	11.7402
1350	11.7452
1350	11.7319
1350	11.7168
1350	11.7099
1350	11.7267
1350	11.7367
1350	11.6925
1350	11.7132
1350	11.7052
1350	11.6714
1350	11.7298
1400	13.1045
1400	13.0993
1400	13.0911
1400	13.0419
1400	13.0519
1400	13.0929
1400	13.0258
1400	13.0752
1400	13.0175
1400	13.1095
1400	13.0629
1400	13.0622
1400	13.0952
1400	13.072
1400	13.037
1450	14.5285
1450	14.529
1450	14.534
1450	14.478
1450	14.4995
1450	14.5083
1450	14.5087
1450	14.5228
1450	14.5035
1450	14.5547
1450	14.5201
1450	14.5202
1450	14.5248
1450	14.5602
1450	14.4546
