NDISKS	ELAPSED
11	0.000765
11	0.000732
11	0.000733
11	0.0007
11	0.0007
11	0.000735
11	0.000699
11	0.000698
11	0.000699
11	0.0007
11	0.000754
11	0.000699
11	0.0007
11	0.000699
11	0.0007
22	0.001805
22	0.00166
22	0.001729
22	0.00166
22	0.001663
22	0.001716
22	0.001663
22	0.001717
22	0.001691
22	0.001823
22	0.001716
22	0.001719
22	0.001747
22	0.001719
22	0.00175
33	0.003963
33	0.003847
33	0.003844
33	0.003845
33	0.003906
33	0.003994
33	0.003967
33	0.004025
33	0.003931
33	0.003938
33	0.003852
33	0.003814
33	0.004163
33	0.003922
33	0.003826
44	0.008277
44	0.008253
44	0.008376
44	0.008509
44	0.010898
44	0.011728
44	0.008295
44	0.008015
44	0.008018
44	0.008119
44	0.008004
44	0.007994
44	0.008017
44	0.008006
44	0.007978
55	0.016382
55	0.016387
55	0.016389
55	0.016525
55	0.016504
55	0.016402
55	0.016385
55	0.016386
55	0.016415
55	0.016413
55	0.016457
55	0.016417
55	0.016386
55	0.016385
55	0.016377
66	0.033264
66	0.033244
66	0.03331
66	0.033388
66	0.033245
66	0.033272
66	0.033245
66	0.033279
66	0.033279
66	0.033254
66	0.033334
66	0.033303
66	0.033294
66	0.033334
66	0.033264
77	0.067322
77	0.06693
77	0.066952
77	0.066956
77	0.066924
77	0.066983
77	0.066939
77	0.066888
77	0.067102
77	0.06713
77	0.066884
77	0.06694
77	0.066986
77	0.066888
77	0.066994
88	0.134246
88	0.134249
88	0.134247
88	0.134223
88	0.134258
88	0.134252
88	0.134423
88	0.133709
88	0.13351
88	0.133433
88	0.133655
88	0.133514
88	0.133611
88	0.133973
88	0.13431
99	0.267299
99	0.266834
99	0.267232
99	0.267627
99	0.268569
99	0.268616
99	0.26684
99	0.266901
99	0.268353
99	0.268428
99	0.269347
99	0.268897
99	0.268882
99	0.269393
99	0.26942
1010	0.537491
1010	0.537862
1010	0.537884
1010	0.541938
1010	0.537923
1010	0.539682
1010	0.53634
1010	0.538359
1010	0.537867
1010	0.53788
1010	0.538099
1010	0.537939
1010	0.537165
1010	0.534265
1010	0.533821
1111	1.06963
1111	1.08021
1111	1.07678
1111	1.07813
1111	1.07576
1111	1.07629
1111	1.07605
1111	1.07593
1111	1.07677
1111	1.09676
1111	1.0863
1111	1.08259
1111	1.072
1111	1.07351
1111	1.07597
1212	2.16382
1212	2.1705
1212	2.16496
1212	2.17153
1212	2.16726
1212	2.16899
1212	2.17024
1212	2.162
1212	2.15767
1212	2.16573
1212	2.16538
1212	2.15757
1212	2.15567
1212	2.15727
1212	2.1474
1313	4.29525
1313	4.31703
1313	4.31264
1313	4.31262
1313	4.35219
1313	4.3186
1313	4.31153
1313	4.31685
1313	4.31308
1313	4.31165
1313	4.36813
1313	4.31079
1313	4.3276
1313	4.30364
1313	4.31491
1414	8.62528
1414	8.63055
1414	8.61928
1414	8.6368
1414	8.62625
1414	8.6136
1414	8.60648
1414	8.63179
1414	8.63129
1414	8.65108
1414	8.6246
1414	8.64532
1414	8.61471
1414	8.62311
1414	8.63488
1515	17.2286
1515	17.2603
1515	17.2353
1515	17.2226
1515	17.3234
1515	17.2784
1515	17.3089
1515	17.2944
1515	17.2302
1515	17.2674
1515	17.258
1515	17.2921
1515	17.2928
1515	17.3134
1515	17.2642
1616	34.2
1616	34.2
1616	34.2
1616	39.8
1616	39
1616	37.4
1616	37.4
1616	34.2
1616	34.1
1616	34.2
1616	34.2
1616	34.1
1616	34.1
1616	34.1
1616	41.1
1717	68.3
1717	68.3
1717	68.3
1717	68.3
1717	68.2
1717	75.1
1717	68.3
1717	68.3
1717	68.3
1717	68.3
1717	68.3
1717	73.3
1717	68.3
1717	68.3
1717	68.3
1818	136.6
1818	141.6
1818	136.6
1818	143.8
1818	136.6
1818	136.6
1818	143.8
1818	136.5
1818	140.1
1818	143.9
1818	136.5
1818	136.5
1818	141.9
1818	136.5
1818	136.6
1919	276.6
1919	276.7
1919	273.1
1919	276.4
1919	276.7
1919	273.2
1919	276.3
1919	276.7
1919	276.5
1919	273.1
1919	276.6
1919	276.7
1919	273
1919	276.4
1919	276.6
2020	557.2
2020	549.8
2020	553.1
2020	549.8
2020	556.6
2020	552.7
2020	549.4
2020	552.9
2020	549.5
2020	553.3
2020	549.7
2020	549.6
2020	553.3
2020	549.7
2020	549.6
2121	1105.6
2121	1102.7
2121	1102.8
2121	1102.7
2121	1105.6
2121	1102.7
2121	1109.9
2121	1102.7
2121	1099.1
2121	1102.6
2121	1102.8
2121	1109.6
2121	1102.7
2121	1105.8
2121	1102.9
2222	2201.7
2222	2205.2
2222	2201.7
2222	2208.6
2222	2204.8
2222	2212
2222	2201.7
2222	2212.3
2222	2206.9
2222	2202.8
2222	2208.9
2222	2201.7
2222	2205.5
2222	2215.7
2222	2212.7
2323	4413.9
2323	4409.8
2323	4407.1
2323	4417.6
2323	4420.6
2323	4417
2323	4410
2323	4410
2323	4417.3
2323	4413.1
2323	4414.1
2323	4410.2
2323	4410.2
2323	4417.3
2323	4417.3
2424	8814.2
2424	8826.7
2424	8827.6
2424	8847.4
2424	8823.3
2424	8820.8
2424	8856.6
2424	8814.1
2424	8822
2424	8825.6
2424	8824.3
2424	8845.1
2424	8815.5
2424	9163.1
2424	8861.6
2525	17861.5
2525	17750.1
2525	17814.3
2525	17763.2
2525	17717.9
2525	17708.8
2525	17734.4
2525	17677.2
2525	17670.3
2525	17641
2525	17698.7
2525	17660.5
2525	17677.5
2525	17647.8
2525	17654.2
2626	35852.4
2626	35247.5
2626	35327.6
2626	35304.1
2626	35283.8
2626	35322.4
2626	35293.2
2626	35311.3
2626	35287.7
2626	35324.5
2626	35288.9
2626	35282.7
2626	35859
2626	35507
2626	35366.3
