NVECTOR	ELAPSED
100000	0.017259
100000	0.016878
100000	0.016547
100000	0.016492
100000	0.016566
100000	0.016658
100000	0.016591
100000	0.016585
100000	0.016561
100000	0.016574
100000	0.016586
100000	0.016585
100000	0.016638
100000	0.016566
100000	0.016599
600000	0.121678
600000	0.121421
600000	0.121552
600000	0.121591
600000	0.123289
600000	0.121346
600000	0.121378
600000	0.121372
600000	0.121385
600000	0.121518
600000	0.121347
600000	0.121514
600000	0.122357
600000	0.121648
600000	0.121361
1100000	0.242996
1100000	0.265459
1100000	0.238293
1100000	0.238088
1100000	0.239378
1100000	0.239062
1100000	0.239775
1100000	0.238588
1100000	0.238691
1100000	0.239017
1100000	0.23882
1100000	0.239087
1100000	0.238792
1100000	0.239851
1100000	0.240037
1600000	0.36812
1600000	0.367776
1600000	0.367342
1600000	0.367422
1600000	0.368567
1600000	0.367426
1600000	0.367075
1600000	0.367518
1600000	0.367472
1600000	0.367377
1600000	0.367472
1600000	0.367629
1600000	0.367519
1600000	0.367815
1600000	0.370177
2100000	0.509071
2100000	0.511767
2100000	0.502897
2100000	0.50383
2100000	0.507398
2100000	0.509193
2100000	0.50773
2100000	0.50871
2100000	0.507276
2100000	0.507512
2100000	0.507539
2100000	0.508047
2100000	0.507171
2100000	0.507674
2100000	0.507146
2600000	0.655961
2600000	0.653286
2600000	0.655446
2600000	0.653268
2600000	0.653733
2600000	0.65415
2600000	0.654066
2600000	0.65464
2600000	0.653788
2600000	0.654696
2600000	0.654299
2600000	0.655013
2600000	0.656349
2600000	0.653849
2600000	0.654501
3100000	0.808966
3100000	0.806647
3100000	0.81128
3100000	0.80295
3100000	0.806143
3100000	0.807329
3100000	0.810673
3100000	0.813367
3100000	0.812435
3100000	0.809989
3100000	0.81022
3100000	0.809242
3100000	0.811042
3100000	0.813106
3100000	0.812805
3600000	0.984828
3600000	0.970544
3600000	0.975781
3600000	0.971641
3600000	0.971815
3600000	0.971249
3600000	0.968252
3600000	0.970158
3600000	0.977633
3600000	0.97147
3600000	0.974307
3600000	0.969504
3600000	0.973182
3600000	0.972829
3600000	0.97263
4100000	1.1357
4100000	1.14525
4100000	1.13766
4100000	1.14032
4100000	1.12468
4100000	1.12591
4100000	1.12703
4100000	1.14104
4100000	1.12375
4100000	1.12928
4100000	1.12622
4100000	1.13108
4100000	1.13161
4100000	1.12847
4100000	1.1293
4600000	1.29788
4600000	1.29258
4600000	1.29932
4600000	1.30575
4600000	1.29016
4600000	1.29063
4600000	1.29018
4600000	1.29209
4600000	1.30636
4600000	1.29382
4600000	1.29193
4600000	1.29056
4600000	1.2907
4600000	1.2906
4600000	1.29128
5100000	1.45533
5100000	1.45703
5100000	1.4595
5100000	1.46752
5100000	1.44764
5100000	1.44827
5100000	1.46053
5100000	1.45789
5100000	1.45187
5100000	1.45792
5100000	1.45415
5100000	1.45683
5100000	1.46689
5100000	1.48855
5100000	1.46755
5600000	1.63845
5600000	1.63363
5600000	1.63456
5600000	1.71961
5600000	1.73832
5600000	1.69757
5600000	1.63439
5600000	1.7174
5600000	1.78036
5600000	1.7995
5600000	1.78567
5600000	1.64521
5600000	1.62674
5600000	1.63079
5600000	1.63601
6100000	1.81117
6100000	1.80736
6100000	1.80754
6100000	1.80677
6100000	1.80574
6100000	1.81123
6100000	1.80648
6100000	1.80734
6100000	1.80748
6100000	1.81935
6100000	1.81226
6100000	1.80568
6100000	1.80643
6100000	1.81182
6100000	1.80662
6600000	1.98693
6600000	2.00281
6600000	1.99012
6600000	1.98887
6600000	1.98333
6600000	1.98411
6600000	1.99504
6600000	1.98608
6600000	1.98446
6600000	1.99488
6600000	1.99111
6600000	1.98087
6600000	1.98687
6600000	1.98023
6600000	1.98824
7100000	2.16353
7100000	2.16255
7100000	2.16115
7100000	2.16193
7100000	2.16788
7100000	2.27805
7100000	2.35637
7100000	2.37612
7100000	2.38092
7100000	2.15284
7100000	2.16895
7100000	2.19988
7100000	2.16451
7100000	2.16199
7100000	2.16788
7600000	2.34518
7600000	2.33989
7600000	2.35495
7600000	2.34987
7600000	2.34462
7600000	2.35211
7600000	2.35783
7600000	2.34791
7600000	2.35378
7600000	2.33903
7600000	2.32445
7600000	2.34235
7600000	2.35032
7600000	2.3424
7600000	2.34773
8100000	2.53889
8100000	2.52734
8100000	2.52837
8100000	2.5292
8100000	2.524
8100000	2.55002
8100000	2.52669
8100000	2.52332
8100000	2.53546
8100000	2.52566
8100000	2.52417
8100000	2.53
8100000	2.52878
8100000	2.5225
8100000	2.52154
8600000	2.70219
8600000	2.70566
8600000	2.70632
8600000	2.7115
8600000	2.70503
8600000	2.71273
8600000	2.71327
8600000	2.70929
8600000	2.75489
8600000	2.71373
8600000	2.706
8600000	2.71951
8600000	2.7106
8600000	2.70839
8600000	2.71319
9100000	2.90227
9100000	2.89662
9100000	2.89678
9100000	2.88745
9100000	2.87613
9100000	2.8978
9100000	2.89514
9100000	2.86991
9100000	2.90983
9100000	2.89607
9100000	2.89779
9100000	2.91076
9100000	2.90158
9100000	2.89585
9100000	2.90038
9600000	3.08736
9600000	3.0921
9600000	3.08318
9600000	3.0881
9600000	3.09619
9600000	3.08496
9600000	3.08824
9600000	3.10601
9600000	3.09893
9600000	3.09609
9600000	3.0854
9600000	3.08776
9600000	3.09872
9600000	3.0698
9600000	3.12859
10100000	3.28646
10100000	3.27864
10100000	3.25883
10100000	3.27162
10100000	3.28736
10100000	3.28604
10100000	3.29754
10100000	3.28567
10100000	3.2867
10100000	3.29126
10100000	3.28573
10100000	3.27625
10100000	3.28502
10100000	3.28778
10100000	3.27526
10600000	3.48398
10600000	3.47259
10600000	3.46133
10600000	3.50865
10600000	3.45789
10600000	3.47555
10600000	3.46823
10600000	3.49401
10600000	3.45528
10600000	3.45843
10600000	3.46244
10600000	3.46422
10600000	3.47733
10600000	3.45211
10600000	3.45716
11100000	3.65894
11100000	3.66902
11100000	3.65862
11100000	3.65431
11100000	3.67197
11100000	3.65107
11100000	3.65418
11100000	3.70966
11100000	3.72391
11100000	3.68287
11100000	3.66026
11100000	3.65454
11100000	3.64932
11100000	3.66256
11100000	3.63924
11600000	3.84346
11600000	3.84829
11600000	3.84055
11600000	3.82479
11600000	3.85527
11600000	3.87343
11600000	3.84769
11600000	3.83614
11600000	3.84233
11600000	3.83946
11600000	3.81796
11600000	3.84779
11600000	3.83105
11600000	3.84222
11600000	3.84656
12100000	4.06347
12100000	4.03854
12100000	4.06093
12100000	4.01629
12100000	4.05072
12100000	4.04636
12100000	4.06592
12100000	4.06686
12100000	4.03859
12100000	4.03846
12100000	4.04446
12100000	4.04105
12100000	4.04161
12100000	4.04539
12100000	4.03377
12600000	4.23363
12600000	4.21729
12600000	4.2445
12600000	4.24255
12600000	4.23884
12600000	4.25074
12600000	4.41787
12600000	4.68522
12600000	4.29862
12600000	4.25866
12600000	4.20041
12600000	4.24419
12600000	4.22973
12600000	4.23179
12600000	4.2234
